R1
------------------------------------------------------------
Electric field / N (Td)                    10.0 
Gas temperature (K)                        300.0 
------------------------------------------------------------
TRANSPORT PARAMETERS:
Mean energy (eV)                          5.3666e+00  
Mobility *N (1/m/V/s)                     1.0552e+24  
Diffusion coefficient *N (1/m/s)          7.9011e+24  
------------------------------------------------------------
Rate coefficients (m3/s)
{ELASTIC: Ar }                             1.1460e-13
{IONIZATION: Ar -> Ar^+}                   2.5619e-23
{EXCITATION: Ar -> Ar*(11.5eV)}            7.1957e-18
------------------------------------------------------------
Energy (eV) EEDF (eV-3/2)
8.0735e-04    7.3888e-02
4.0367e-03    7.3888e-02
1.0496e-02    7.3887e-02
2.0184e-02    7.3885e-02
3.3101e-02    7.3880e-02
4.9248e-02    7.3874e-02
6.8624e-02    7.3866e-02
9.1230e-02    7.3857e-02
1.1707e-01    7.3849e-02
1.4613e-01    7.3843e-02
1.7842e-01    7.3837e-02
2.1395e-01    7.3834e-02
2.5270e-01    7.3830e-02
2.9468e-01    7.3825e-02
3.3989e-01    7.3815e-02
3.8833e-01    7.3798e-02
4.4000e-01    7.3770e-02
4.9490e-01    7.3728e-02
5.5303e-01    7.3673e-02
6.1439e-01    7.3602e-02
6.7898e-01    7.3509e-02
7.4680e-01    7.3386e-02
8.1784e-01    7.3240e-02
8.9212e-01    7.3069e-02
9.6962e-01    7.2864e-02
1.0504e+00    7.2618e-02
1.1343e+00    7.2349e-02
1.2215e+00    7.2051e-02
1.3119e+00    7.1713e-02
1.4056e+00    7.1345e-02
1.5025e+00    7.0948e-02
1.6026e+00    7.0519e-02
1.7059e+00    7.0070e-02
1.8125e+00    6.9602e-02
1.9223e+00    6.9109e-02
2.0353e+00    6.8593e-02
2.1516e+00    6.8049e-02
2.2711e+00    6.7485e-02
2.3938e+00    6.6899e-02
2.5197e+00    6.6288e-02
2.6489e+00    6.5651e-02
2.7813e+00    6.4983e-02
2.9169e+00    6.4286e-02
3.0558e+00    6.3564e-02
3.1979e+00    6.2818e-02
3.3432e+00    6.2050e-02
3.4918e+00    6.1259e-02
3.6436e+00    6.0445e-02
3.7986e+00    5.9607e-02
3.9568e+00    5.8747e-02
4.1183e+00    5.7861e-02
4.2830e+00    5.6946e-02
4.4509e+00    5.6001e-02
4.6221e+00    5.5025e-02
4.7964e+00    5.4022e-02
4.9741e+00    5.2991e-02
5.1549e+00    5.1928e-02
5.3390e+00    5.0828e-02
5.5263e+00    4.9689e-02
5.7168e+00    4.8511e-02
5.9106e+00    4.7290e-02
6.1076e+00    4.6026e-02
6.3078e+00    4.4715e-02
6.5113e+00    4.3354e-02
6.7179e+00    4.1942e-02
6.9278e+00    4.0479e-02
7.1410e+00    3.8960e-02
7.3574e+00    3.7363e-02
7.5769e+00    3.5686e-02
7.7998e+00    3.3931e-02
8.0258e+00    3.2099e-02
8.2551e+00    3.0205e-02
8.4876e+00    2.8262e-02
8.7234e+00    2.6274e-02
8.9624e+00    2.4247e-02
9.2046e+00    2.2187e-02
9.4500e+00    2.0103e-02
9.6987e+00    1.8004e-02
9.9505e+00    1.5901e-02
1.0206e+01    1.3826e-02
1.0464e+01    1.1837e-02
1.0726e+01    9.9370e-03
1.0990e+01    8.1273e-03
1.1258e+01    6.4099e-03
1.1530e+01    4.7863e-03
1.1804e+01    3.3077e-03
1.2082e+01    2.1231e-03
1.2363e+01    1.2756e-03
1.2647e+01    7.1968e-04
1.2935e+01    3.8060e-04
1.3225e+01    1.8904e-04
1.3519e+01    8.8378e-05
1.3816e+01    3.8807e-05
1.4116e+01    1.5973e-05
1.4420e+01    6.1726e-06
1.4727e+01    2.2306e-06
1.5037e+01    7.4496e-07
1.5350e+01    2.3094e-07
1.5667e+01    6.6520e-08
1.5986e+01    1.7209e-08
1.6309e+01    3.9261e-09
1.6635e+01    8.0264e-10
1.6965e+01    1.4853e-10
1.7297e+01    2.4795e-11
1.7633e+01    3.7626e-12
1.7972e+01    5.2140e-13
1.8315e+01    6.6287e-14
1.8660e+01    7.8008e-15
1.9009e+01    8.5302e-16
1.9361e+01    8.7604e-17
1.9716e+01    9.5410e-18
2.0075e+01    -3.4695e-18
2.0436e+01    1.3878e-17
2.0801e+01    1.3227e-17
2.1169e+01    1.7600e-17
2.1541e+01    2.6021e-17
2.1915e+01    3.7127e-17
2.2293e+01    3.8570e-18
2.2674e+01    7.5193e-18
2.3059e+01    -3.3361e-18
2.3446e+01    -7.4540e-19
2.3837e+01    2.6021e-18
2.4231e+01    1.6399e-18
2.4628e+01    -2.2793e-20
2.5029e+01    -1.8258e-18
2.5432e+01    6.6469e-19
2.5839e+01    3.2810e-18
2.6249e+01    1.2689e-18
2.6663e+01    0.0000e+00
2.7079e+01    -8.9681e-19
2.7499e+01    -1.7347e-18
2.7922e+01    -1.0978e-18
2.8348e+01    -1.1719e-18
2.8778e+01    -1.2604e-18
2.9211e+01    -1.0948e-18
2.9647e+01    3.4695e-18
3.0086e+01    -1.4143e-17
3.0528e+01    -1.0842e-19
3.0974e+01    0.0000e+00
3.1423e+01    6.8160e-21
3.1875e+01    1.2917e-19
3.2330e+01    2.4395e-19
3.2789e+01    -1.0842e-19
3.3251e+01    -4.1415e-21
3.3716e+01    1.7317e-20
3.4184e+01    3.7312e-20
3.4655e+01    8.6622e-19
3.5130e+01    1.7347e-18
3.5608e+01    1.5973e-19
3.6089e+01    -2.1984e-18
3.6574e+01    -5.2200e-19
3.7061e+01    1.3094e-18
3.7552e+01    5.2267e-20
3.8046e+01    1.1030e-19
3.8544e+01    2.5119e-18
3.9044e+01    -2.5072e-19
3.9548e+01    2.8206e-21
4.0055e+01    3.1340e-19
4.0565e+01    -3.4569e-20
4.1079e+01    -6.0294e-21
4.1595e+01    -1.1525e-19
4.2115e+01    -2.1684e-19
4.2638e+01    -6.9389e-18
4.3165e+01    -5.7248e-18
4.3694e+01    -4.5982e-18
4.4227e+01    -3.5465e-18
4.4763e+01    -2.5649e-18
4.5303e+01    -1.6490e-18
4.5845e+01    -7.9470e-19
4.6391e+01    -5.7092e-21
4.6940e+01    2.1684e-19
4.7492e+01    7.1490e-19
4.8048e+01    -2.8730e-20
4.8606e+01    -8.1685e-20
4.9168e+01    -5.4889e-20
4.9733e+01    -2.6317e-20
5.0302e+01    5.2844e-22
5.0873e+01    4.1573e-20
5.1448e+01    8.0156e-20
5.2026e+01    1.1638e-19
5.2608e+01    3.4695e-18
5.3192e+01    1.7347e-18
5.3780e+01    3.6363e-20
5.4371e+01    1.1968e-21
5.4965e+01    3.9500e-23
5.5562e+01    1.3680e-24
5.6163e+01    9.0363e-25
5.6767e+01    2.7926e-23
5.7374e+01    9.2935e-22
5.7984e+01    2.6257e-20
5.8598e+01    8.6737e-19
5.9215e+01    -4.3368e-19
5.9835e+01    -1.4031e-20
6.0458e+01    -3.7755e-22
6.1085e+01    -7.5911e-24
6.1714e+01    -1.5429e-25
6.2347e+01    -2.9284e-27
6.2984e+01    -5.2775e-29
6.3623e+01    -9.4734e-31
6.4266e+01    -1.7210e-32



