R1
------------------------------------------------------------
Electric field / N (Td)                    600.0 
Gas temperature (K)                        300.0 
------------------------------------------------------------
TRANSPORT PARAMETERS:
Mean energy (eV)                          1.1207e+01  
Mobility *N (1/m/V/s)                     6.3175e+23  
Diffusion coefficient *N (1/m/s)          6.1948e+24  
------------------------------------------------------------
Rate coefficients (m3/s)
{ELASTIC: Ar }                             2.0035e-13
{IONIZATION: Ar -> Ar^+}                   5.5770e-15
{EXCITATION: Ar -> Ar*(11.5eV)}            6.6849e-15
------------------------------------------------------------
Energy (eV) EEDF (eV-3/2)
1.6821e-03    2.8211e-02
8.4105e-03    2.8211e-02
2.1867e-02    2.8211e-02
4.2052e-02    2.8211e-02
6.8966e-02    2.8211e-02
1.0261e-01    2.8211e-02
1.4298e-01    2.8211e-02
1.9008e-01    2.8211e-02
2.4390e-01    2.8210e-02
3.0446e-01    2.8210e-02
3.7174e-01    2.8209e-02
4.4576e-01    2.8207e-02
5.2650e-01    2.8205e-02
6.1397e-01    2.8203e-02
7.0816e-01    2.8199e-02
8.0909e-01    2.8194e-02
9.1674e-01    2.8187e-02
1.0311e+00    2.8179e-02
1.1522e+00    2.8167e-02
1.2801e+00    2.8153e-02
1.4146e+00    2.8135e-02
1.5559e+00    2.8112e-02
1.7040e+00    2.8085e-02
1.8587e+00    2.8053e-02
2.0202e+00    2.8014e-02
2.1884e+00    2.7967e-02
2.3633e+00    2.7913e-02
2.5450e+00    2.7848e-02
2.7334e+00    2.7772e-02
2.9285e+00    2.7684e-02
3.1304e+00    2.7581e-02
3.3390e+00    2.7465e-02
3.5543e+00    2.7333e-02
3.7763e+00    2.7185e-02
4.0051e+00    2.7021e-02
4.2406e+00    2.6838e-02
4.4828e+00    2.6635e-02
4.7317e+00    2.6412e-02
4.9874e+00    2.6169e-02
5.2498e+00    2.5903e-02
5.5190e+00    2.5614e-02
5.7948e+00    2.5301e-02
6.0774e+00    2.4963e-02
6.3667e+00    2.4598e-02
6.6628e+00    2.4206e-02
6.9656e+00    2.3785e-02
7.2751e+00    2.3332e-02
7.5913e+00    2.2841e-02
7.9143e+00    2.2312e-02
8.2440e+00    2.1746e-02
8.5804e+00    2.1146e-02
8.9235e+00    2.0515e-02
9.2734e+00    1.9850e-02
9.6300e+00    1.9153e-02
9.9933e+00    1.8424e-02
1.0363e+01    1.7675e-02
1.0740e+01    1.6923e-02
1.1124e+01    1.6168e-02
1.1514e+01    1.5411e-02
1.1911e+01    1.4653e-02
1.2315e+01    1.3897e-02
1.2725e+01    1.3153e-02
1.3142e+01    1.2421e-02
1.3566e+01    1.1703e-02
1.3997e+01    1.1000e-02
1.4434e+01    1.0313e-02
1.4878e+01    9.6422e-03
1.5329e+01    8.9896e-03
1.5786e+01    8.3605e-03
1.6251e+01    7.7545e-03
1.6722e+01    7.1713e-03
1.7199e+01    6.6130e-03
1.7684e+01    6.0854e-03
1.8175e+01    5.5894e-03
1.8673e+01    5.1252e-03
1.9178e+01    4.6932e-03
1.9689e+01    4.2934e-03
2.0207e+01    3.9253e-03
2.0732e+01    3.5816e-03
2.1263e+01    3.2613e-03
2.1802e+01    2.9637e-03
2.2347e+01    2.6885e-03
2.2898e+01    2.4355e-03
2.3457e+01    2.2038e-03
2.4022e+01    1.9922e-03
2.4594e+01    1.7996e-03
2.5173e+01    1.6249e-03
2.5758e+01    1.4654e-03
2.6350e+01    1.3195e-03
2.6949e+01    1.1864e-03
2.7554e+01    1.0653e-03
2.8167e+01    9.5558e-04
2.8786e+01    8.5630e-04
2.9411e+01    7.6669e-04
3.0044e+01    6.8600e-04
3.0683e+01    6.1317e-04
3.1329e+01    5.4732e-04
3.1982e+01    4.8789e-04
3.2641e+01    4.3432e-04
3.3307e+01    3.8613e-04
3.3980e+01    3.4292e-04
3.4660e+01    3.0422e-04
3.5346e+01    2.6961e-04
3.6039e+01    2.3870e-04
3.6739e+01    2.1111e-04
3.7445e+01    1.8653e-04
3.8158e+01    1.6466e-04
3.8878e+01    1.4526e-04
3.9605e+01    1.2807e-04
4.0338e+01    1.1283e-04
4.1078e+01    9.9374e-05
4.1825e+01    8.7488e-05
4.2579e+01    7.6998e-05
4.3339e+01    6.7745e-05
4.4106e+01    5.9588e-05
4.4880e+01    5.2402e-05
4.5661e+01    4.6075e-05
4.6448e+01    4.0507e-05
4.7242e+01    3.5611e-05
4.8042e+01    3.1307e-05
4.8850e+01    2.7527e-05
4.9664e+01    2.4208e-05
5.0485e+01    2.1294e-05
5.1312e+01    1.8719e-05
5.2147e+01    1.6444e-05
5.2988e+01    1.4435e-05
5.3836e+01    1.2663e-05
5.4690e+01    1.1102e-05
5.5551e+01    9.7264e-06
5.6419e+01    8.5172e-06
5.7294e+01    7.4546e-06
5.8175e+01    6.5215e-06
5.9063e+01    5.7024e-06
5.9958e+01    4.9838e-06
6.0860e+01    4.3538e-06
6.1768e+01    3.8017e-06
6.2683e+01    3.3181e-06
6.3605e+01    2.8949e-06
6.4534e+01    2.5246e-06
6.5469e+01    2.2008e-06
6.6411e+01    1.9178e-06
6.7360e+01    1.6705e-06
6.8315e+01    1.4547e-06
6.9277e+01    1.2662e-06
7.0246e+01    1.1018e-06
7.1222e+01    9.5845e-07
7.2204e+01    8.3341e-07
7.3193e+01    7.2445e-07
7.4189e+01    6.2955e-07
7.5191e+01    5.4694e-07
7.6201e+01    4.7496e-07
7.7217e+01    4.1221e-07
7.8239e+01    3.5756e-07
7.9269e+01    3.0998e-07
8.0305e+01    2.6858e-07
8.1348e+01    2.3259e-07
8.2398e+01    2.0131e-07
8.3454e+01    1.7414e-07
8.4517e+01    1.5057e-07
8.5587e+01    1.3012e-07
8.6663e+01    1.1239e-07
8.7747e+01    9.7023e-08
8.8837e+01    8.3720e-08
8.9933e+01    7.2207e-08
9.1037e+01    6.2249e-08
9.2147e+01    5.3640e-08
9.3264e+01    4.6202e-08
9.4388e+01    3.9780e-08
9.5518e+01    3.4239e-08
9.6655e+01    2.9459e-08
9.7799e+01    2.5340e-08
9.8949e+01    2.1792e-08
1.0011e+02    1.8737e-08
1.0127e+02    1.6109e-08
1.0244e+02    1.3846e-08
1.0362e+02    1.1900e-08
1.0480e+02    1.0226e-08
1.0599e+02    8.7863e-09
1.0719e+02    7.5491e-09
1.0840e+02    6.4862e-09
1.0961e+02    5.5733e-09
1.1082e+02    4.7896e-09
1.1205e+02    4.1171e-09
1.1328e+02    3.5404e-09
1.1452e+02    3.0460e-09
1.1576e+02    2.6226e-09
1.1702e+02    2.2602e-09
1.1827e+02    1.9504e-09
1.1954e+02    1.6858e-09
1.2081e+02    1.4601e-09
1.2209e+02    1.2679e-09
1.2337e+02    1.1044e-09
1.2467e+02    9.6760e-10
1.2596e+02    8.5475e-10
1.2727e+02    7.6299e-10
1.2858e+02    6.8996e-10
1.2990e+02    6.3379e-10
1.3123e+02    5.9299e-10
1.3256e+02    5.6644e-10
1.3390e+02    5.5339e-10



